$ 1 0.00000156025 49.687244006919805 48 5 43 5e-11
f 16 224 16 176 40 1.5 0.02
f 112 224 112 176 32 1.5 0.02
d 64 176 64 256 2 1N5711
w 64 176 32 176 0
w 64 176 96 176 0
w 64 256 16 256 0
w 16 256 16 224 0
w 64 256 112 256 0
w 112 224 112 256 0
r 176 176 176 240 0 10
r 176 176 336 176 0 0.002
c 176 240 256 240 4 1.0000000000000001e-7 1.5476096035631355 0.001 0.1
c 256 240 336 240 4 1.0000000000000001e-7 -1.5478194537588177 0.001 0.1
g 256 240 256 272 0 0
c 176 320 336 320 4 4.7000000000000005e-7 -0.00020984878074337132 0.001 0
w 336 176 336 240 0
w 336 320 336 240 0
w 176 320 176 240 0
w 128 176 176 176 0
v -112 256 -112 176 0 0 40 5 0 0 0.5
f 400 368 448 368 32 1.5 0.02
f 592 368 544 368 32 1.5 0.02
l 464 400 528 400 0 0.000009999999999999999 0.00009790619292140449 0
w 528 400 544 400 0
w 464 400 448 400 0
w 448 384 448 400 0
w 448 416 448 400 0
w 544 400 544 384 0
w 544 400 544 416 0
r 384 176 384 240 0 2
c 384 240 384 288 4 0.0000022 1.5467167232151986 0.001 0
g 384 288 384 304 0 0
w 336 176 384 176 0
w 448 352 448 176 0
w 448 176 384 176 0
g 496 240 496 256 0 0
c 496 176 496 240 4 0.00007999999999999999 1.5478219590837068 0.001 0
w 448 176 496 176 0
c 336 400 336 448 4 0.00001 0.001000000000010548 0.001 0
w 448 400 336 400 0
f 784 224 832 224 32 1.5 0.02
f 784 272 832 272 40 1.5 0.02
c 784 320 784 368 4 0.00007999999999999999 1.5427649854673278 0.001 0
w 544 352 544 336 0
w 544 336 544 320 0
w 544 320 784 320 0
g 784 368 784 384 0 0
w 784 272 736 272 0
w 736 272 736 224 0
w 736 224 784 224 0
w 832 208 832 176 0
w 832 176 496 176 0
w 784 320 832 320 0
w 832 320 832 288 0
w 832 256 832 240 0
w 832 256 864 256 0
g 448 448 448 480 0 0
g 544 448 544 480 0 0
w 336 400 320 400 0
c 656 400 656 448 4 0.00001 0.0009999999997805098 0.001 0
w 656 400 544 400 0
r -64 320 -64 384 0 1000
r -64 384 -64 448 0 6260
r -64 448 -64 512 0 22000
g -64 512 -64 544 0 0
w -64 320 -64 272 0
w -64 272 -64 176 0
w -48 176 -32 176 0
w -48 176 -64 176 0
w -32 176 0 176 0
w -64 176 -112 176 0
g -112 256 -112 288 0 0
207 -64 384 -16 384 4 ACUV
207 -64 448 -16 448 4 ACOV
207 -64 320 -16 320 4 VIN\s|\sVAC
O -64 320 -96 320 1 0
O -64 384 -96 384 1 0
O -64 448 -96 448 1 0
O 832 176 864 144 1 0
207 400 368 384 336 4 HIDRV1
207 336 448 304 464 4 BTST1
207 400 432 384 496 4 LODRV1
207 592 368 624 336 4 HIDRV2
207 592 432 624 496 4 LODRV2
207 656 448 688 464 4 BTST2
207 736 224 704 224 4 BATDRV
207 864 256 896 256 4 BATSRC
207 64 256 112 304 4 ACDRV
207 176 320 144 352 4 ACP
207 336 320 320 352 4 ACN
w 976 176 832 176 0
O 832 320 896 288 1 0
L 64 256 48 304 0 1 false 5 0
f 400 432 448 432 32 1.5 0.02
f 592 432 544 432 32 1.5 0.02
L 736 224 720 208 0 0 false 5 0
207 656 400 752 480 4 SW2
207 320 400 256 480 4 SW1
207 176 416 208 416 4 LODRV1
207 176 464 208 464 4 HIDRV1
207 176 512 208 512 4 LODRV2
207 176 560 208 560 4 HIDRV2
207 -112 176 -144 144 4 VIN
207 976 176 992 128 4 VOUT
L 176 416 144 416 0 0 false 5 0
L 176 464 144 464 0 1 false 5 0
151 80 560 176 560 0 2 5 5
R 32 560 0 560 0 2 4000 2.5 2.5 0 0.5
w 32 560 64 560 0
w 64 560 64 544 0
w 64 544 80 544 0
w 64 560 64 576 0
w 64 576 80 576 0
w 64 544 64 512 0
w 64 512 176 512 0
